%Input data for annual net rainfall
net_rainfall = [

0.703360569	;
0.687504817	;
0.682992246	;
0.693996325	;
0.692189891	;
0.695423335	;
0.686193374	;
0.689229524	;
0.702212265	;
0.704989966	;
0.707547012	;
0.701749844	;
0.708671979	;
0.705715045	;
0.717176636	;
0.716991088	;
0.706571835	;
0.7160239	;
0.715174393	;
0.704666927	;
0.708615076	;
0.710107541	;
0.718176418	;
0.711644749	;
0.712658705	;
0.717305525	;
0.710787401	;
0.711175706	;
0.708799107	;
0.704932884	;
0.700961556	;
0.700615688	;
0.687676976	;
0.696819852	;
0.703690727	;
0.696980606	;
0.700951852	;
0.701088966	;
0.698879413	;
0.700886792	;
0.695340864	;
0.687895596	;
0.685570124	;
0.692869952	;
0.687687507	;
0.686433789	;
0.682813783	;
0.678351163	;
0.683868711	;
0.68863059	;
0.696367327	;
0.705128426	;
0.700788234	;
0.693975774	;
0.695777642	;
0.687704446	;
0.688968812	;
0.691101778	;
0.699555225	;
0.691347985	;
0.690876608	;
0.698968637	;
0.700469312	;
0.709490465	;
0.720935673	;
0.723184101	;
0.72506383	;
0.724173146	;
0.712803649	;
0.712672065	;
0.727386829	;
0.728933071	;
0.739126733	;
0.72622927	;
0.720700482	;
0.723233887	;
0.723609022	;
0.723877347	;
0.720691993	;
0.723799848	;
0.724427279	;
0.72416739	;
0.716774239	;
0.715291696	;
0.702839428	;
0.703064826	;
0.702622564	;
0.694345035	;
0.69762724	;
0.697858238	;
0.701850123	;
0.713908956	;
0.72112246	;
0.71527601	;
0.718987645	;
0.713984039	;
0.711013035	;
0.719565129	;
0.711450932	;
0.705250248	;
0.70227876	;
0.702116364	;
0.709959928	;
0.707773749	;
0.70273706	;
0.701438264	;
0.703871996	;
0.704324003	;
0.701545922	;
0.697597155	;
0.694532164	;
0.694947229	;
0.693361349	;
0.693362269	;
0.693645087	;
0.698464171	;
0.696617055	;
0.700141994	;
0.701067223	;
0.711298682	;
0.718861433	;
0.727716519	;
0.723936206	;
0.739080896	;
0.742230921	;
0.745090036	;
0.750988513	;
0.759140826	;
0.752336225	;
0.764550273	;
0.757158869	;
0.755571736	;
0.761495205	;
0.760090575	;
0.770285271	;
0.770695022	;
0.768501596	;
0.757859801	;
0.760587354	;
0.765528302	;
0.768083201	;
0.777148802	;
0.765335295	;
0.770596361	;
0.772820827	;
0.762420015	;
0.766938377	;
0.770647481	;
0.778023841	;
0.783835453	;
0.789231265	;
0.786919141	;
0.795638154	;
0.795099558	;
0.799269974	;
0.808133785	;
0.797827593	;
0.807397662	;
0.802294722	;
0.799849929	;
0.802359563	;
0.812950951	;
0.81186647	;
0.810586447	;
0.810582905	;
0.81833572	;
0.818710764	;
0.824729266	;
0.832009698	;
0.831114654	;
0.831198767	;
0.830581899	;
0.829436464	;
0.833617125	;
0.825604933	;
0.819060296	;
0.809577127	;
0.806645646	;
0.818254141	;
0.835370425	;
0.840473307	;
0.830052816	;
0.83082895	;
0.825188569	;
0.830560813	;
0.835420647	;
0.829613526	;
0.82899982	;
0.826468006	;
0.822532748	;
0.817163185	;
0.817826564	;
0.803796752	;
0.796182286	;
0.794198365	;
0.791127617	;
0.783602841	;
0.782373587	;
0.779942647	;
0.76779076	;
0.76427234	;
0.766692007	;
0.764716836	;
0.760989509	;
0.766132107	;
0.768569556	;
0.766715319	;
0.770208641	;
0.778241175	;
0.770580351	;
0.776993117	;
0.770430479	;
0.771932827	;
0.769218239	;
0.75995601	;
0.76900293	;
0.776199705	;
0.776737613	;
0.781241326	;
0.784059304	;
0.789680867	;
0.782487388	;
0.78764176	;
0.778850436	;
0.780399442	;
0.782258572	;
0.788688229	;
0.792325181	;
0.796043491	;
0.791141628	;
0.788856322	;
0.78702444	;
0.792443668	;
0.79452516	;
0.79502958	;
0.791280829	;
0.785440558	;
0.791154515	;
0.791716445	;
0.78325376	;
0.777133809	;
0.771420034	;
0.767517951	;
0.764936307	;
0.763960517	;
0.763525171	;
0.757541375	;
0.755676746	;
0.761125379	;
0.764597555	;
0.782014149	;
0.789919212	;
0.800991413	;
0.81008219	;
0.804443444	;
0.808481159	;
0.800293051	;
0.802978607	;
0.804405265	;
0.807150323	;
0.811528405	;
0.816010003	;
0.813543985	;
0.82457408	;
0.828377763	;
0.840971957	;
0.834901557	;
0.843723446	;
0.838379266	;
0.834378188	;
0.835895749	;
0.836634209	;
0.840674105	;
0.846201618	;
0.840050215	;
0.840535247	;
0.832080089	;
0.823087325	;
0.819683864	;
0.824466785	;
0.821841799	;
0.818259432	;
0.811466401	;
0.811635012	;
0.808930643	;
0.811067299	;
0.823333329	;
0.820486479	;
0.821919901	;
0.822085746	;
0.825225633	;
0.830975695	;
0.821250228	;
0.822391006	;
0.828889882	;
0.836568414	;
0.833643563	;
0.841881205	;
0.846151775	;
0.842317948	;
0.837463012	;
0.843542778	;
0.847662049	;
0.854851636	;
0.860303801	;
0.861137694	;
0.86379596	;
0.853653703	;
0.855520696	;
0.855236189	;
0.857222218	;
0.859587655	;
0.867582704	;
0.867708565	;
0.855482517	;
0.839027163	;
0.840838727	;
0.832569433	;
0.834811581	;
0.835345421	;
0.843133287	;
0.845824154	;
0.841921577	;
0.843706821	;
0.84091919	;
0.84375811	;
0.847720564	;
0.849411902	;
0.83975751	;
0.847713446	;
0.848952053	;
0.85315336	;
0.849773164	;
0.858887494	;
0.874861745	;
0.88098716	;
0.874589808	;
0.875790696	;
0.871696019	;
0.869152627	;
0.883045369	;
0.885773231	;
0.90266763	;
0.90551888	;
0.921183658	;
0.91708528	;
0.91334145	;
0.907231951	;
0.907450209	;
0.89822487	;
0.896512131	;
0.891176637	;
0.889157685	;
0.899019163	;
0.887553968	;
0.866448906	;
0.868573387	;
0.86717202	;
0.872038442	;
0.880175593	;
0.882481519	;
0.878826033	;
0.886904679	;
0.890559008	;
0.884768901	;
0.868886359	;
0.867341683	;
0.857493995	;
0.860134742	;
0.859261494	;
0.856142524	;
0.858103042	;
0.849896464	;
0.845777673	;
0.847706794	;
0.845605768	;
0.84953167	;
0.842759843	;
0.843304721	;
0.849615536	;
0.8540308	;
0.859121152	;
0.855937084	;
0.860704214	;
0.865541781	;
0.870894423	;
0.863175068	;
0.861506543	;
0.856682578	;
0.852902916	;
0.854749555	;
0.864338756	;
0.867197547	;
0.867151817	;
0.867614112	;
0.867255414	;
0.850651832	;
0.845180226	;
0.842741187	;
0.842885084	;
0.84715089	;
0.837710364	;
0.824220259	;
0.820208734	;
0.823173469	;
0.818353087	;
0.823764722	;
0.831273947	;
0.833920958	;
0.837025262	;
0.834835769	;
0.822044142	;
0.82468594	;
0.834946483	;
0.84538704	;
0.841727558	;
0.845866865	;
0.846171574	;
0.845878967	;
0.844510546	;
0.833970248	;
0.819983948	;
0.824026665	;
0.829717397	;
0.834810413	;
0.833335607	;
0.831249222	;
0.836066517	;
0.834822936	;
0.835243287	;
0.825519029	;
0.821916019	;
0.820076922	;
0.814542365	;
0.820243849	;
0.828891741	;
0.827317701	;
0.819796453	;
0.817086004	;
0.822023131	;
0.822322987	;
0.815042628	;
0.824213403	;
0.826074626	;
0.826404093	;
0.839927997	;
0.834658994	;
0.828560265	;
0.832034583	;
0.822397994	;
0.818360406	;
0.823527561	;
0.822602625	;
0.822925234	;
0.825797505	;
0.821530638	;
0.832193141	;
0.824870974	;
0.836346262	;
0.837282737	;
0.843728347	;
0.839304895	;
0.831984656	;
0.837400827	;
0.836271391	;
0.837984164	;
0.84286939	;
0.853172078	;
0.855710907	;
0.852257596	;
0.856599359	;
0.859006913	;
0.873929296	;
0.886224847	;
0.880445017	;
0.892404674	;
0.897166882	;
0.901919407	;
0.899695178	;
0.908436528	;
0.909088692	;
0.920212645	;
0.925399782	;
0.927831536	;
0.936668834	;
0.928286313	;
0.92573183	;
0.925512833	;
0.934486949	;
0.939038951	;
0.944659375	;
0.938203166	;
0.935396882	;
0.944737717	;
0.955675633	;
0.969684187	;
0.960427905	;
0.957157713	;
0.962260162	;
0.964127141	;
0.955303548	;
0.959419543	;
0.95330076	;
0.956463303	;
0.95862252	;
0.950274673	;
0.94551648	;
0.938600777	;
0.931760306	;
0.936184484	;
0.935705284	;
0.929550837	;
0.930253009	;
0.922800289	;
0.92577717	;
0.933900117	;
0.931860413	;
0.93194997	;
0.943702988	;
0.948909062	;
0.951316875	;
0.955835238	;
0.956669249	;
0.963346516	;
0.964495471	;
0.972896598	;
0.983040852	;
0.981012347	;
0.970578486	;
0.970780753	;
0.971136897	;
0.98646127	;
0.98022547	;
0.975030494	;
0.973206921	;
0.980665746	;
0.97611408	;
0.969266083	;
0.980661145	;
0.984528631	;
0.980674392	;
0.98307724	;
0.991657589	;
0.983285599	;
0.994948514	;
1	;
0.995515311	;
0.987048805	;
0.98457777	;
0.983500267	;
0.97953019	;
0.978906941	;
0.983323106	;
0.981676083	;
0.990311222	;
0.978572599	;
0.970496997	;
0.969022843	;
0.95662379	;
0.96867739	;
0.97276851	;
0.957508115	;
0.953685399	;
0.954339394	;
0.958545185	;
0.971834268	;
0.977076577	;
0.979287446	;
0.978039822	;
0.975719483	;
0.97237482	;
0.987683165	;
