%%%% Plot y coordinate%%%%%
y_plot = [

2.452350506	2.450653775	2.447259525	2.442165418	2.435367591	2.42686098	2.41663901	2.404693716	2.391015222	2.375593558	2.358416412	2.339469794	2.318739114	2.296208344	2.27185971	2.245673738	2.217631086	2.187709774	2.155887011	2.122139083	2.086441078	2.04876605	2.009087388	1.967374262	1.9236006	1.877732624	1.829739316	1.779588219	1.727246707	1.672678057	1.615852321	1.556727481	1.495269708	1.431441823	1.365206618	1.296525643	1.225356406	1.151663436	1.075406524	0.996542122	0.915027746	0.830822397	0.743874722	0.654140075	0.561565138	0.46609253	0.367662565	0.266203248	0.16163543	0.053863863	2.450690893	2.448995631	2.445604326	2.440514548	2.433722547	2.425223179	2.415009865	2.403074603	2.389407923	2.373999231	2.356836346	2.337905619	2.317192212	2.294679923	2.270351088	2.244186663	2.216166597	2.1862693	2.154471996	2.12075077	2.085080477	2.047434616	2.007785752	1.966104861	1.922362904	1.876528507	1.828569965	1.778454711	1.72614936	1.671619196	1.614829973	1.55574451	1.494326625	1.430539246	1.364344687	1.295704351	1.224578513	1.150928492	1.07471409	0.995893524	0.914424457	0.830263664	0.743364541	0.653679855	0.561158286	0.465744404	0.367377869	0.265989942	0.16150237	0.053823483	2.447370488	2.445678144	2.442292708	2.437211785	2.430431515	2.42194679	2.411751027	2.39983623	2.386192997	2.370810588	2.353676834	2.334778161	2.314099666	2.29162509	2.267336796	2.241215819	2.213241947	2.18339364	2.151648106	2.117981341	2.082368116	2.044781976	2.005195337	1.963579435	1.919904616	1.874139928	1.826253551	1.776212777	1.723984026	1.6695328	1.612824004	1.553821367	1.492488264	1.428787452	1.362681059	1.29413052	1.223096622	1.149539926	1.073420142	0.994695955	0.913325139	0.829264251	0.74246787	0.652888637	0.56047598	0.465175284	0.366926503	0.265661796	0.161302959	0.053757287	2.442386238	2.440698253	2.437321701	2.432254098	2.425491533	2.41702885	2.406859521	2.394975549	2.381367535	2.366024701	2.348934868	2.330084468	2.309458575	2.287040902	2.262813809	2.236758328	2.208854197	2.179079855	2.147412477	2.113828	2.078301137	2.040805396	2.00131313	1.959795561	1.916222858	1.870564097	1.822787379	1.772859885	1.720747904	1.666416869	1.609831442	1.550955454	1.489752121	1.42618404	1.360213201	1.291800983	1.220908197	1.147495151	1.071521458	0.992945893	0.911726281	0.827819223	0.741179659	0.651760379	0.559511134	0.464377635	0.3663	0.265210492	0.16103052	0.053666236	2.435733761	2.434051704	2.430686843	2.42563702	2.418898085	2.410464921	2.400330905	2.388488107	2.374927126	2.359637163	2.342606027	2.323820143	2.303264563	2.280922982	2.256777741	2.230809854	2.20299902	2.173323645	2.141760861	2.108286549	2.072875362	2.035500753	1.996135007	1.954749276	1.911313627	1.865797067	1.818167602	1.768392292	1.716437297	1.662267922	1.605848672	1.547143288	1.486114836	1.42272575	1.356937863	1.288712424	1.218010125	1.144791098	1.069014824	0.990640017	0.909624461	0.825924744	0.739495877	0.650290694	0.558259012	0.46334658	0.365493436	0.264631615	0.160681993	0.053549794	2.427407104	2.425732404	2.4223823	2.417354554	2.410645296	2.402249016	2.392159271	2.380368004	2.366865882	2.351642096	2.334684441	2.315979327	2.29551179	2.273265502	2.249222783	2.223364617	2.195670667	2.166119299	2.134687594	2.101351376	2.066085234	2.028862549	1.989655528	1.948435237	1.90517164	1.859833639	1.812389125	1.762805023	1.711047346	1.657081243	1.600871053	1.542380358	1.481572044	1.418408355	1.352850928	1.284860823	1.214398539	1.141424005	1.065896513	0.987774617	0.907015958	0.823576996	0.737412641	0.648475614	0.556715607	0.462078194	0.364503147	0.263922102	0.160255351	0.053407336	2.41739887	2.415732909	2.412400707	2.407399488	2.400725638	2.392373749	2.382337137	2.37060785	2.357176425	2.34203213	2.325162748	2.306554675	2.286192927	2.264061153	2.240141646	2.214415358	2.186861916	2.157459635	2.126185545	2.093015406	2.057923737	2.020883839	1.981867827	1.940846666	1.897790208	1.852667231	1.805445487	1.756091748	1.704571858	1.650850786	1.594892679	1.536660915	1.476118166	1.413226444	1.347947149	1.280241095	1.210068529	1.13738912	1.062161904	0.984345184	0.903896355	0.820771637	0.734925696	0.646310998	0.554876949	0.46056879	0.363325887	0.263079376	0.159748937	0.053238307	2.40570027	2.404044638	2.400733095	2.395762883	2.389130391	2.380830199	2.370855644	2.35919867	2.345849884	2.330798403	2.314032099	2.29553735	2.275299153	2.253301133	2.229525555	2.203953336	2.17656406	2.147335994	2.116246108	2.083270096	2.048382397	2.011556224	1.972763593	1.931975354	1.889161231	1.844289863	1.797328842	1.748244768	1.697003295	1.643569184	1.587906358	1.529977958	1.4697464	1.407173426	1.342220147	1.274847079	1.205014158	1.132680727	1.057805494	0.980346421	0.900260564	0.817503788	0.732030397	0.643792469	0.552738995	0.458814755	0.3619586	0.262101089	0.159161268	0.053042206	2.392300921	2.3906572	2.387369052	2.382434437	2.375849177	2.367608058	2.357704335	2.346130113	2.332875785	2.317930563	2.30128215	2.282917022	2.262820155	2.240975152	2.217364246	2.191968319	2.16476691	2.135738234	2.1048592	2.072105428	2.037451273	2.000869853	1.962333071	1.921811655	1.879275189	1.834692152	1.788029963	1.739255027	1.688332783	1.635227759	1.579903625	1.522323248	1.462448749	1.400241554	1.335662441	1.26867157	1.199228504	1.127292198	1.05282095	0.975772303	0.896102873	0.813768072	0.728721728	0.640915417	0.550297599	0.456812487	0.360398323	0.260985025	0.158490971	0.052818565	2.377188862	2.375558418	2.37229688	2.36740215	2.360870078	2.352695488	2.342871547	2.331390244	2.318242297	2.303416637	2.286901062	2.268681864	2.248744126	2.227071423	2.20364596	2.178448583	2.151458784	2.122654725	2.09201325	2.059509903	2.025118949	1.988813402	1.950565049	1.910344481	1.86812113	1.823863303	1.777538226	1.729112089	1.678550095	1.625816511	1.570874723	1.51368729	1.454215998	1.392421914	1.328265432	1.261706302	1.192703653	1.121215981	1.047201103	0.970616057	0.891416929	0.80955858	0.724994258	0.637674933	0.547548429	0.454558293	0.358642078	0.259728991	0.1577367	0.05256693	2.360350744	2.35873489	2.355503213	2.350652634	2.344179835	2.336079116	2.326343807	2.314965865	2.301935977	2.287243301	2.270875359	2.252818549	2.23305775	2.211576652	2.188357432	2.163380896	2.136626494	2.108072331	2.077695185	2.045470521	2.011372511	1.975374061	1.937446831	1.89756127	1.855686643	1.811791072	1.765841575	1.717804108	1.667643615	1.615324076	1.560808563	1.504059291	1.445037674	1.383704376	1.320019355	1.253941899	1.18543064	1.114443547	1.04093788	0.964870092	0.886195652	0.804868774	0.720842029	0.634065683	0.544486826	0.452048249	0.35668673	0.258330698	0.156897063	0.052286831	2.341771894	2.340172294	2.33697311	2.332171232	2.325763426	2.317744077	2.308106278	2.29684216	2.283942166	2.269395612	2.253190222	2.235312088	2.215746203	2.194476034	2.171483879	2.14675051	2.120255333	2.091976398	2.061890415	2.029972769	1.996197538	1.960537512	1.922964223	1.883447966	1.841957832	1.798461746	1.752926501	1.705317802	1.655600312	1.603737699	1.549692692	1.493427129	1.434902013	1.37407756	1.310913246	1.245367837	1.17739941	1.106965341	1.034022258	0.958525948	0.880431177	0.799691423	0.716258486	0.630081832	0.541107723	0.449278105	0.3545289	0.25678769	0.155970564	0.051977772	2.321435973	2.319854285	2.316690276	2.311941539	2.305604514	2.297674016	2.288142696	2.277002662	2.264244504	2.249857415	2.233829196	2.216146165	2.196792986	2.175753249	2.153009006	2.12854116	2.102329076	2.074350751	2.044582829	2.013000615	1.979578089	1.944287927	1.907101524	1.867989019	1.826919319	1.783860142	1.738778041	1.691638454	1.642405744	1.591043243	1.537513309	1.481777369	1.423795978	1.363528863	1.300934966	1.235972482	1.168598868	1.09877084	1.026444324	0.951574361	0.874114929	0.79401868	0.711236554	0.62571712	0.537405722	0.44624337	0.352165045	0.255097405	0.154955656	0.051639234	2.29932499	2.297762482	2.294636651	2.289945791	2.283685483	2.275851	2.266435089	2.255429539	2.242825117	2.228610854	2.212774637	2.195302808	2.176180278	2.155390277	2.132914991	2.108735053	2.082829968	2.055177685	2.025754785	1.994536493	1.961496694	