%Input data for annual temperature
temp = [

6.373115449	;
6.499961462	;
6.536062034	;
6.448029403	;
6.462480874	;
6.436613322	;
6.510453012	;
6.486163811	;
6.382301878	;
6.360080273	;
6.339623903	;
6.386001251	;
6.330624167	;
6.354279638	;
6.262586914	;
6.264071292	;
6.347425318	;
6.271808804	;
6.278604855	;
6.36266458	;
6.331079389	;
6.319139673	;
6.254588658	;
6.306842009	;
6.298730362	;
6.261555802	;
6.313700792	;
6.310594356	;
6.329607142	;
6.360536927	;
6.392307549	;
6.395074499	;
6.498584189	;
6.42544118	;
6.370474187	;
6.424155152	;
6.392385182	;
6.391288276	;
6.408964698	;
6.392905664	;
6.437273086	;
6.496835236	;
6.515439005	;
6.457040386	;
6.498499942	;
6.508529692	;
6.537489738	;
6.573190699	;
6.529050309	;
6.490955278	;
6.429061387	;
6.358972589	;
6.39369413	;
6.448193807	;
6.433778864	;
6.498364434	;
6.488249503	;
6.471185773	;
6.403558202	;
6.469216119	;
6.472987137	;
6.408250905	;
6.396245504	;
6.324076281	;
6.232514612	;
6.214527195	;
6.199489356	;
6.206614829	;
6.297570807	;
6.298623481	;
6.180905366	;
6.16853543	;
6.086986133	;
6.19016584	;
6.234396142	;
6.214128901	;
6.211127827	;
6.208981227	;
6.234464055	;
6.209601219	;
6.204581768	;
6.206660883	;
6.26580609	;
6.277666435	;
6.377284577	;
6.375481395	;
6.379019492	;
6.445239721	;
6.418982083	;
6.417134094	;
6.385199018	;
6.288728351	;
6.231020322	;
6.277791922	;
6.248098837	;
6.288127691	;
6.311895718	;
6.243478967	;
6.308392544	;
6.357998019	;
6.381769917	;
6.383069084	;
6.320320579	;
6.337810006	;
6.378103516	;
6.388493885	;
6.369024034	;
6.36540798	;
6.387632621	;
6.419222761	;
6.443742691	;
6.440422167	;
6.453109208	;
6.453101851	;
6.4508393	;
6.412286633	;
6.427063557	;
6.398864046	;
6.391462217	;
6.309610544	;
6.24910854	;
6.178267845	;
6.208510352	;
6.087352834	;
6.062152636	;
6.039279716	;
5.992091898	;
5.926873395	;
5.9813102	;
5.883597816	;
5.94272905	;
5.955426113	;
5.908038356	;
5.919275402	;
5.837717836	;
5.834439827	;
5.851987234	;
5.937121594	;
5.915301169	;
5.875773584	;
5.855334396	;
5.782809587	;
5.877317642	;
5.835229111	;
5.817433388	;
5.900639878	;
5.864492988	;
5.834820153	;
5.775809269	;
5.729316376	;
5.686149878	;
5.704646874	;
5.634894764	;
5.639203538	;
5.605840209	;
5.534929717	;
5.617379257	;
5.540818704	;
5.58164222	;
5.601200567	;
5.581123497	;
5.496392395	;
5.505068241	;
5.515308426	;
5.51533676	;
5.453314237	;
5.450313887	;
5.402165874	;
5.343922416	;
5.351082771	;
5.350409863	;
5.355344812	;
5.36450829	;
5.331063001	;
5.395160534	;
5.447517629	;
5.52338298	;
5.546834834	;
5.453966873	;
5.317036598	;
5.276213542	;
5.359577474	;
5.353368403	;
5.398491449	;
5.355513499	;
5.316634821	;
5.363091791	;
5.368001439	;
5.388255952	;
5.419738015	;
5.462694521	;
5.457387491	;
5.569625987	;
5.630541715	;
5.64641308	;
5.670979065	;
5.731177275	;
5.741011301	;
5.760458826	;
5.857673921	;
5.885821281	;
5.866463947	;
5.882265314	;
5.912083927	;
5.870943142	;
5.851443549	;
5.866277444	;
5.838330872	;
5.7740706	;
5.835357189	;
5.784055065	;
5.83655617	;
5.824537387	;
5.84625409	;
5.920351919	;
5.847976561	;
5.790402364	;
5.786099092	;
5.750069393	;
5.727525565	;
5.682553066	;
5.740100893	;
5.69886592	;
5.769196513	;
5.756804464	;
5.741931421	;
5.690494169	;
5.661398554	;
5.631652068	;
5.67086698	;
5.689149426	;
5.703804482	;
5.660450656	;
5.64379872	;
5.639763364	;
5.66975337	;
5.716475535	;
5.670763879	;
5.666268439	;
5.733969917	;
5.782929525	;
5.828639726	;
5.859856396	;
5.880509546	;
5.888315863	;
5.891798634	;
5.939669	;
5.954586032	;
5.910996967	;
5.88321956	;
5.743886811	;
5.680646305	;
5.592068697	;
5.519342482	;
5.564452445	;
5.53215073	;
5.597655595	;
5.576171145	;
5.564757876	;
5.542797419	;
5.507772759	;
5.471919976	;
5.491648123	;
5.40340736	;
5.372977893	;
5.272224346	;
5.320787548	;
5.250212433	;
5.292965869	;
5.324974493	;
5.312834012	;
5.30692633	;
5.27460716	;
5.230387054	;
5.279598277	;
5.275718023	;
5.343359288	;
5.415301397	;
5.442529085	;
5.404265717	;
5.425265608	;
5.453924541	;
5.508268789	;
5.506919907	;
5.528554858	;
5.511461607	;
5.413333365	;
5.436108167	;
5.42464079	;
5.423314032	;
5.398194938	;
5.352194444	;
5.429998177	;
5.420871951	;
5.368880948	;
5.307452687	;
5.330851498	;
5.264950359	;
5.230785797	;
5.261456417	;
5.300295905	;
5.251657777	;
5.21870361	;
5.161186909	;
5.117569592	;
5.110898448	;
5.089632316	;
5.170770378	;
5.155834428	;
5.158110485	;
5.142222257	;
5.123298764	;
5.059338366	;
5.058331479	;
5.156139865	;
5.287782693	;
5.273290184	;
5.339444537	;
5.321507355	;
5.317236632	;
5.254933704	;
5.233406766	;
5.264627382	;
5.25034543	;
5.272646477	;
5.249935119	;
5.218235492	;
5.204704786	;
5.281939923	;
5.218292429	;
5.208383576	;
5.174773122	;
5.201814687	;
5.12890005	;
5.001106039	;
4.952102723	;
5.003281533	;
4.993674432	;
5.026431851	;
5.046778982	;
4.935637052	;
4.913814154	;
4.778658961	;
4.755848962	;
4.630530735	;
4.663317763	;
4.693268401	;
4.742144392	;
4.740398327	;
4.814201042	;
4.827902951	;
4.870586903	;
4.886738517	;
4.807846695	;
4.899568256	;
5.06840875	;
5.051412906	;
5.062623841	;
5.023692467	;
4.958595257	;
4.940147847	;
4.969391738	;
4.904762571	;
4.875527937	;
4.92184879	;
5.048909127	;
5.061266538	;
5.140048042	;
5.118922065	;
5.125908046	;
5.150859811	;
5.135175663	;
5.200828291	;
5.233778619	;
5.218345649	;
5.235153853	;
5.203746638	;
5.257921254	;
5.253562235	;
5.203075713	;
5.1677536	;
5.127030782	;
5.152503328	;
5.114366289	;
5.075665751	;
5.032844619	;
5.094599452	;
5.107947659	;
5.146539378	;
5.176776675	;
5.162003561	;
5.08528995	;
5.062419623	;
5.062785461	;
5.059087103	;
5.061956689	;
5.194785343	;
5.238558195	;
5.258070506	;
5.256919327	;
5.222792882	;
5.29831709	;
5.406237931	;
5.438330124	;
5.414612245	;
5.453175305	;
5.409882226	;
5.349808423	;
5.328632333	;
5.303797907	;
5.321313845	;
5.423646866	;
5.40251248	;
5.320428132	;
5.236903681	;
5.266179535	;
5.233065079	;
5.230627411	;
5.232968266	;
5.243915631	;
5.328238018	;
5.440128412	;
5.407786676	;
5.362260821	;
5.321516697	;
5.33331514	;
5.350006224	;
5.31146786	;
5.321416515	;
5.318053704	;
5.395847771	;
5.424671844	;
5.439384626	;
5.483661078	;
5.438049206	;
5.368866071	;
5.381458393	;
5.441628373	;
5.463311965	;
5.423814956	;
5.421416102	;
5.479658976	;
5.40629278	;
5.391402989	;
5.388767255	;
5.280576025	;
5.322728047	;
5.371517882	;
5.343723338	;
5.420816052	;
5.453116754	;
5.41177951	;
5.419178999	;
5.416598132	;
5.393619958	;
5.427754897	;
5.34245487	;
5.401032211	;
5.309229907	;
5.301738102	;
5.250173225	;
5.285560839	;
5.344122754	;
5.300793384	;
5.30982887	;
5.296126689	;
5.25704488	;
5.174623379	;
5.154312745	;
5.181939232	;
5.147205128	;
5.127944699	;
5.008565631	;
4.910201227	;
4.956439861	;
4.860762609	;
4.822664943	;
4.784644746	;
4.802438577	;
4.732507775	;
4.727290467	;
4.638298843	;
4.596801744	;
4.577347711	;
4.506649324	;
4.573709495	;
4.594145358	;
4.595897339	;
4.524104407	;
4.487688388	;
4.442725004	;
4.494374672	;
4.516824945	;
4.442098265	;
4.354594934	;
4.242526501	;
4.316576757	;
4.342738294	;
4.301918703	;
4.28698287	;
4.357571616	;
4.324643653	;
4.373593921	;
4.348293572	;
4.331019838	;
4.397802616	;
4.435868159	;
4.491193782	;
4.545917556	;
4.510524127	;
4.514357731	;
4.563593304	;
4.557975931	;
4.617597684	;
4.593782641	;
4.528799066	;
4.545116697	;
4.544400239	;
4.450376096	;
4.408727502	;
4.389464999	;
4.353318093	;
4.346646008	;
4.293227873	;
4.284036232	;
4.216827212	;
4.135673188	;
4.151901224	;
4.235372115	;
4.233753975	;
4.23090482	;
4.108309839	;
4.158196237	;
4.199756047	;
4.214344631	;
4.154674031	;
4.19108736	;
4.245871335	;
4.154710841	;
4.123770955	;
4.154604865	;
4.135382082	;
4.066739291	;
4.133715205	;
4.040411892	;
4	;
4.035877509	;
4.103609564	;
4.12337784	;
4.131997861	;
4.163758483	;
4.168744468	;
4.133415153	;
4.146591338	;
4.077510227	;
4.171419209	;
4.236024027	;
4.247817254	;
4.347009678	;
4.250580881	;
4.217851923	;
4.339935078	;
4.370516806	;
4.365284844	;
4.331638524	;
4.225325859	;
4.183387384	;
4.165700432	;
4.17568142	;
4.194244137	;
4.221001439	;
4.098534677	;
4.123296371	;
