%%%% Variable plot %%%%
variable_plot = [

50.6039642260089	50.8727983810743	50.7815318033367	50.7805353187216	50.8026850176060	50.8013931810960	50.8022647714362	50.8025858389473	50.8451878771422	50.8423708663323	50.8391466502420	50.8340809170691	50.8911029349363	50.8861109272891	50.8777536937740	50.8729181458443	50.9455134188238	50.9399260666372	50.9308045862019	50.9190865566529	51.0068117165940	51.0023845710066	50.9891969952936	51.0872622712998	51.0637451998384	51.0498484685913	51.0340454318307	51.1312464994026	51.1017776903747	51.1962474706967	51.1733678025586	51.1378392965924	51.2198789015113	51.5994721434533	52.5255159610733	52.3360639208955	51.9439310635162	51.5664434528624	51.1242073719122	50.8368242151056	50.6072170749507	50.4476715138961	50.4935464821400	50.4809724967626	50.6831083051618	51.0060487333759	51.5549828481903	52.2061288928991	53.2679745867137	54.7153090644602	51.4892198073757	51.8067869981778	51.6741189599507	52.0375096497464	51.6732455035384	51.6729162588366	52.4202133773896	52.4274265020283	51.6880793750321	51.7158564169893	52.9462916170603	52.9453236319090	51.7149069039685	51.7146871412944	51.7144761573938	53.4486978927011	51.6983126140503	51.7286843896449	51.7126268879511	54.0419375841530	51.7265651521800	51.7099484323235	51.6929261242007	51.6924835156901	51.7555633740216	51.7555180254903	55.1923140661162	51.7700074611019	51.7701044199090	51.7699420876464	51.7699694765168	52.7414783264580	51.7547309192784	51.8466815140294	52.4297265624927	55.5300470289548	52.1330204975744	51.8995066861886	60.2167689182376	51.5255920289582	51.3738739012107	51.2637312749179	51.1796233449976	51.1582174038379	51.1830220241705	51.2861790529846	51.4484569736410	51.7121826265288	52.1160498359341	52.4497642968636	52.2168295202988	52.4058467293208	52.4259608753107	52.4388447523066	52.7709201269609	52.7708905099148	52.4361960422102	52.4192464948234	53.0606313053606	53.0359964904025	52.4159837708842	52.4557870194964	52.5019914404484	53.5444774570260	53.5441916068102	52.4950292079678	52.5011552268943	53.0828573130306	53.9522071949171	52.4652828282701	52.4451836122687	52.5269293105505	54.3897402202738	52.5438179593225	52.4844877306546	54.9360764277807	52.4711863382251	52.4527512490231	55.5129972300156	52.5563892459144	52.5563609484918	55.5663493005400	52.5875014736627	57.0195137073544	53.2541538157439	55.8075925471645	52.9535382566101	52.7170145186342	52.4911130270244	59.7896546592957	52.1850315048090	55.3516939851392	51.9887997746490	51.9675277477692	51.9931552742296	52.0479746404193	52.2698986661343	52.5378507456628	55.2104076742918	53.1669741079387	52.8663315852806	53.3000839631386	53.1411985872665	53.0884541912613	52.9665410481897	53.4388738897498	53.4380861020693	53.5591041740360	53.2431523115138	53.2428562115562	53.8338170167964	53.8074953844653	53.7810493383131	53.2187125011320	53.2712809568835	54.2668038710414	54.2696793386527	53.8790379011094	53.3250110165440	53.3218483923457	54.6717251596762	54.6179663399467	53.3231487406740	53.2497989786298	54.9942547478473	53.2388618815720	53.2341417970212	55.5500340286254	53.2611901203819	53.2266121558651	55.8930174270571	53.2116227166580	53.2963730591587	53.4844233591534	54.1226707762084	54.0432313679968	58.5223927420173	53.5779735333867	53.3489909168615	53.1669939142395	59.7910517048237	57.4588303041068	52.8399884579880	52.8185337724117	52.8446492099092	52.9420351166455	53.1325783913921	53.4045011880216	72.1695857649702	53.9200898187445	53.5609935837694	54.1289617696808	54.0843053242266	53.9443136425476	53.9962153690601	53.7153283457994	54.0432603946391	54.0776336565067	54.0798514773347	54.2482225987777	53.9113530137931	54.0660924930418	54.6550243315791	54.6304509598097	54.6005221877597	53.9757091088183	53.9785320040566	54.9346848959940	54.9924581327439	55.0542733653552	54.1763356918295	54.1763607711614	55.4244468841129	55.4293064265976	54.1748196037035	54.1721966165276	55.8314083021610	54.1197411791868	54.1162941718494	56.2066262106096	54.1159651690677	54.2049078658176	56.7058850552479	54.2635534082458	57.5881173050503	54.7337654089200	54.4749668617058	54.3511543521875	54.1150932866330	53.9271713970943	53.7703736683915	53.6509797828325	53.5927038527243	54.0102255161857	53.7180880525986	53.8169049755205	53.9241149412357	54.2932845190479	58.3514583103307	54.6111074183429	54.4192557574818	54.9730129947894	54.9277214834950	54.9192696169645	54.7762730293097	54.8261728686159	54.7120367826870	54.8312557656296	54.8322297991547	54.8095712512946	54.8101070881509	54.7061842304195	54.5236155729265	54.8463549750523	55.3370165375007	55.4754954410440	55.4791441668895	54.8778613783462	54.8392304190273	55.6662786931944	55.6656545568550	55.7323249136835	54.8616125277003	55.0435132634782	56.2290968758495	56.2276155384340	55.0291115961456	55.0401822450486	56.6118259239808	55.0410790747454	55.0389583771571	56.9394182145639	54.9689094102046	57.4852490377122	55.5751598982635	58.5414092021807	55.3659606116117	58.6737920910187	55.1108330591141	54.8985015448836	54.7432115659163	54.6254000652208	54.5663739702873	61.2944647720644	54.4699820995117	54.5772430134916	54.7600041545872	71.7701012942559	55.5494717282098	55.3811028495271	55.1773250395382	55.8302169142046	55.7843012524378	55.7758678189570	55.7758806021302	55.6236874454476	55.6717443210150	55.5569400851154	55.8634441770500	55.6511242149246	55.6492402375991	55.8074018664693	55.5938290279535	55.4098537301285	55.2330302502740	55.7222087719048	55.8226340574800	55.9570708314490	56.1769934553411	55.7560307794230	55.7627491578849	56.5788727700747	56.5749653774119	56.4777950248156	55.6145472961655	55.8484042128813	56.8593204821620	57.0623284131233	55.9122803665785	57.4290244175251	57.4329200734754	55.9086657816700	57.8319679617148	55.9844333364343	57.3679723555960	56.4282072653969	59.0693314782869	55.8494169148607	58.9816392172938	59.4720686578649	55.6421154153656	55.5226703799390	61.1167025905824	55.4138040552371	63.2141944591718	64.8995090301640	55.7379429761615	55.8030838972465	56.5160575781297	56.0269008198923	55.4487387270791	56.6999505723006	56.6531730041149	56.6446439380221	56.6447519829365	56.6440021062406	56.4842873060862	56.5329158921143	56.4173853900296	56.7213773164786	56.7191868886684	56.4905924843218	56.5788861956022	56.6543043341017	56.4051848074776	56.0475662226343	56.2558628919680	56.6081288354103	56.4166519320236	56.5364876783785	56.5521874811821	56.1804578143643	56.7785788642349	57.4694154824800	57.4702229225871	57.3156895556493	56.5647591930470	57.5968149731645	57.6919926691556	56.5492640981755	56.7640499186595	58.2712834272834	56.8064890084143	58.7112954141403	58.5318683817548	57.5089369331706	57.1679945483537	59.7661687982785	56.5921397050516	56.2719695500695	60.0562542578353	60.4597605967446	56.3514828993836	56.3229709076196	56.3488083317064	56.4448772231377	56.6516784792760	56.8726622243929	57.3439141156391	57.0778333280550	56.8069856234664	57.5809133149737	57.5338776677362	57.5252222424987	57.5253446912056	57.5246688195185	57.5228323848118	57.3589755408226	57.4083018938086	57.2896780004185	57.5914314203855	57.5914185619775	57.4650146710881	57.3515031381269	57.5151775023694	57.5128768841234	57.1889121853327	56.8861404765334	57.7098732343407	57.4097913202597	57.4045156454711	57.4226774256657	56.9895552718171	56.7271968062479	57.9320054919746	58.1849149802742	58.3303659865370	57.5034415347931	57.9717616730033	58.5852674691204	58.4336891814835	57.3997631543481	58.8989727239161	57.6653781293718	60.0068543030428	60.0883177877387	58.2697384152924	57.8400207489292	60.3651396631331	57.4313302326379	56.9781876884760	56.8474766809077	57.0550235805221	58.4128241652097	57.2712790893767	57.3686911496026	67.3053662998122	57.8024786685580	58.3672078192645	57.7477114680129	57.3494119409932	58.4734737493839	58.4261822566993	58.4173726334924	58.4175096309769	58.4168237464851	58.4150542903069	58.4144046577381	58.2468193288265	58.2951096129489	58.1719855394710	58.4771129510686	58.4795452807239	58.4791021705628	58.2248318533942	58.2474194460490	58.3939128316223	58.3939906171993	